<?xml version="1.0"?>
<opencv_storage>
<cameraMatrix type_id="opencv-matrix">
  <rows>3</rows>
  <cols>3</cols>
  <dt>d</dt>
  <data>
    5.3215539275475476e+02 0. 3.4302392558130134e+02 0.
    5.3219781731908722e+02 2.3466901157914629e+02 0. 0. 1.</data></cameraMatrix>
<distCoeffs type_id="opencv-matrix">
  <rows>1</rows>
  <cols>5</cols>
  <dt>d</dt>
  <data>
    -2.8082085386175892e-01 1.8110889688687216e-02
    1.2775223709726470e-03 -2.3794277583264823e-04
    1.6652976537489339e-01</data></distCoeffs>
</opencv_storage>
