<?xml version="1.0"?>
<opencv_storage>
<cameraMatrix_1 type_id="opencv-matrix">
  <rows>3</rows>
  <cols>3</cols>
  <dt>d</dt>
  <data>
    5.2901275751236915e+02 0. 3.3931916302360480e+02 0.
    5.3103395851742323e+02 2.3901227322356971e+02 0. 0. 1.</data></cameraMatrix_1>
<distCoeffs_1 type_id="opencv-matrix">
  <rows>1</rows>
  <cols>5</cols>
  <dt>d</dt>
  <data>
    -2.9240315104452130e-01 1.2972123821202861e-02
    4.8813107802452363e-03 -3.2893807416214493e-04
    5.9036862760750775e-01</data></distCoeffs_1>
<cameraMatrix_2 type_id="opencv-matrix">
  <rows>3</rows>
  <cols>3</cols>
  <dt>d</dt>
  <data>
    5.2901275751236915e+02 0. 3.3077536985624710e+02 0.
    5.3103395851742323e+02 2.4606596791749794e+02 0. 0. 1.</data></cameraMatrix_2>
<distCoeffs_2 type_id="opencv-matrix">
  <rows>1</rows>
  <cols>5</cols>
  <dt>d</dt>
  <data>
    -2.3590330094821835e-01 -1.5056136245076857e-01
    2.4177159752379069e-03 2.6360538552836789e-04 3.4564763829026995e-01</data></distCoeffs_2>
<rotation type_id="opencv-matrix">
  <rows>3</rows>
  <cols>3</cols>
  <dt>d</dt>
  <data>
    9.9995785528236103e-01 2.3783127593628977e-03
    -8.8674284614745566e-03 -2.3085346916181223e-03
    9.9996635860620409e-01 7.8709798263012516e-03 8.8858498005712980e-03
    -7.8501773398501843e-03 9.9992970572388473e-01</data></rotation>
<translation type_id="opencv-matrix">
  <rows>3</rows>
  <cols>1</cols>
  <dt>d</dt>
  <data>
    -3.3227391362604646e+00 3.9998138750670098e-02
    -3.8169554949315461e-02</data></translation>
<essential type_id="opencv-matrix">
  <rows>3</rows>
  <cols>3</cols>
  <dt>d</dt>
  <data>
    2.6730171147674607e-04 3.7854278389829701e-02 4.0295758907445620e-02
    -8.6425854129092185e-03 -2.6174870613260435e-02
    3.3228440325160808e+00 -3.2325794473151849e-02
    -3.3227224827684418e+00 -2.5798532075604060e-02</data></essential>
<fundamental type_id="opencv-matrix">
  <rows>3</rows>
  <cols>3</cols>
  <dt>d</dt>
  <data>
    -1.3317886755530791e-08 -1.8788512636575367e-06
    -6.0849695546531237e-04 4.2896426018453374e-07
    1.2942131980934930e-06 -8.7702497187376341e-02
    7.5087003920773358e-04 8.7547432933005806e-02 1.</data></fundamental>
</opencv_storage>
